039139
885396
294655
687425
909366
809366
962136
718804
195170
071675
529236
339048
067977
590125
973995
243164
194718
531537
413432
136622
933936
668703
367263
747931
496361
350972
574657
281717
627061
492495
915902
672831
999016
336225
932144
342281
656211
228958
768594
164795
212648
376860
155024
454140
317423
333786
752353
589021
648420
790977
581401
031849
608463
829725
924596
369711
949046
790650
201907
448022
417981
553700
322996
940674
034170
187080
556278
794199
335469
277279
265451
611777
014663
348859
080963
420087
538576
362633
751155
551588
587753
207030
551229
712818
691409
839468
459113
035169
035074
457045
590975
871689
338203
388718
535018
787212
828385
724718
890558
533598
307964
227738
236246
474563
466547
339857
378925
112900
348296
1000931
260405
347370
844047
130414
186978
710433
092821
921559
768683
017286
517429
835790
120164
613372
352596
075044
090970
302719
851181
047878
737207
868641
